1501
3022
368
19094
20
8394
1320
1032
63276
164107
1326
288238
15662
555
1322
49755
1508
13351
68814
1435
443534
11219
1381
112085
13260
1500
610187
157860
5166
35603
25667
192291
2982
1363
8395
42676
60953
349763
1357
354245
4980
605339
3129
668055
44190
8735
5191
3371
51082
3387
22881
2443
89474
1323
5364
42111
588814
1360
9032
373
4982
185363
793121
4083
520007
2978
198286
13086
197929
2925
106773
17189
18718
164109
734953
115476
17332
199209
28179
56903
222749
8676
10515
2924
38835
164074
24239
131090
1268
127519
1119
21757
2356
12285
16441
271917
12443
38420
4129
500519
22421
8682
246033
5859
174236
129549
58632
321205
3177
160508
36002
1355
136
28646
221277
127169
48029
161199
820162
160589
642667
293286
185364
18479
168886
132923
178226
335988
1327
317310
506793
638
121935
17673
1383
260455
21604
411304
260566
416174
2904
5367
25725
8251
14480
125064
13883
1358
231284
556
1890
805916
626191
1047
1277
1590
16061
8175
1582
3658
38393
1024
401491
57519
4652
10468
124436
2823
337578
8250
30981
459
15047
3636
460547
9732
290384
1359
453
9048
22539
38916
15389
47401
11807
263327
32499
7042
293881
4230
663744
2915
5833
133
365108
516664
2808
3015
2716
2757
3390
256954
166095
7238
920553
1588
819926
153133
467610
3312
314061
49871
4322
1506
335986
28130
435103
1828
1952
588674
382
18841
113086
100067
696221
482572
37948
8623
1318
11593
3019
89726
1516
232031
557307
250379
182889
168180
251400
1573
114805
525760
19060
87021
614867
1797
11073
8246
42733
280522
2980
438639
113082
9376
324306
8678
147813
9784
2905
284993
24039
79675
1416
86800
78616
115016
372
685575
387848
8149
45526
152247
476100
363931
9553
45753
8478
1834
1437
7234
11502
248865
1354
168456
104783
4084
187408
17678
90017
69187
183014
140751
135628
38255
296597
376689
552
68872
869388
298528
129113
49751
1513
7319
7033
145803
256450
141649
23087
230406
91592
108829
8215
57096
3021
333833
184133
13339
4715
2879
9035
96567
143259
170110
846213
219729
279848
603850
164273
82
578841
131087
886353
251205
276642
164262
399069
130561
123
68091
1275
687774
65736
278267
17832
257182
306287
18355
13981
101264
373776
66265
14435
374132
604228
251219
125735
3388
86961
340399
752940
41593
725359
17602
15981
391129
1598
21064
1319
848354
1057
483357
392049
2913
47759
348255
166297
807725
340035
301147
259741
137139
7922
265022
2734
571496
7801
96016
550
518922
494418
28549
29183
249416
773406
436989
125736
4698
4269
429733
3244
16459
696145
5244
490444
534385
445
68155
750840
215140
11376
324951
696211
594927
3024
249746
248858
4478
251481
1226
1556
316298
129108
19913
306251
363570
483406
125753
8241
2607
63067
129109
345109
691882
8290
123584
9194
47354
4318
9538
344094
891732
440233
377317
1137
106
8142
25896
396029
2738
6387
12754
462289
203241
107812
141071
480295
78112
65861
48019
130889
290577
13724
151522
62525
8877
389724
474393
286909
141339
98874
21818
121110
229552
6153
16580
520602
236582
158222
315198
82126
444905
114974
11378
35526
5701
11877
2432
525
45245
642538
121112
18083
12518
3155
